0 0.095085 0.180730 0.093473 0.026226
0 0.187349 0.180445 0.091056 0.022235
0 0.387994 0.179590 0.307010 0.023945
0 0.576954 0.181300 0.075745 0.025086
0 0.666801 0.181015 0.108783 0.023375
0 0.778405 0.179590 0.111201 0.023945
0 0.890814 0.178449 0.113618 0.023945
1 0.502015 0.479761 0.905721 0.620867
2 0.097099 0.204390 0.089444 0.021095
2 0.095488 0.226910 0.089444 0.026226
2 0.187349 0.227765 0.094279 0.023375
2 0.187349 0.203820 0.091056 0.026796
2 0.389605 0.204390 0.303787 0.025656
2 0.387994 0.227765 0.307010 0.023375
2 0.574940 0.204390 0.068493 0.023375
2 0.575745 0.227480 0.070105 0.025086
2 0.666801 0.203820 0.108783 0.026796
2 0.666398 0.228620 0.106366 0.022805
2 0.778002 0.205530 0.110395 0.023375
2 0.776793 0.228620 0.114424 0.019384
2 0.891620 0.203250 0.115230 0.023375
2 0.890008 0.227765 0.112006 0.023375
2 0.095488 0.263683 0.089444 0.026226
2 0.575745 0.263683 0.070105 0.025086
2 0.187349 0.263683 0.094279 0.023375
2 0.387994 0.263683 0.307010 0.023375
2 0.890008 0.263683 0.112006 0.023375
2 0.666398 0.263683 0.106366 0.022805
2 0.776793 0.263683 0.114424 0.019384
2 0.095488 0.300456 0.089444 0.026226
2 0.575745 0.300456 0.070105 0.025086
2 0.187349 0.300456 0.094279 0.023375
2 0.387994 0.300456 0.307010 0.023375
2 0.890008 0.300456 0.112006 0.023375
2 0.666398 0.300456 0.106366 0.022805
2 0.776793 0.300456 0.114424 0.019384
2 0.095488 0.337229 0.089444 0.026226
2 0.575745 0.337229 0.070105 0.025086
2 0.187349 0.337229 0.094279 0.023375
2 0.387994 0.337229 0.307010 0.023375
2 0.890008 0.337229 0.112006 0.023375
2 0.666398 0.337229 0.106366 0.022805
2 0.776793 0.337229 0.114424 0.019384
2 0.095488 0.374002 0.089444 0.026226
2 0.575745 0.374002 0.070105 0.025086
2 0.187349 0.374002 0.094279 0.023375
2 0.387994 0.374002 0.307010 0.023375
2 0.890008 0.374002 0.112006 0.023375
2 0.666398 0.374002 0.106366 0.022805
2 0.776793 0.374002 0.114424 0.019384
2 0.095488 0.410775 0.089444 0.026226
2 0.575745 0.410775 0.070105 0.025086
2 0.187349 0.410775 0.094279 0.023375
2 0.387994 0.410775 0.307010 0.023375
2 0.890008 0.410775 0.112006 0.023375
2 0.666398 0.410775 0.106366 0.022805
2 0.776793 0.410775 0.114424 0.019384
2 0.095488 0.447548 0.089444 0.026226
2 0.575745 0.447548 0.070105 0.025086
2 0.187349 0.447548 0.094279 0.023375
2 0.387994 0.447548 0.307010 0.023375
2 0.890008 0.447548 0.112006 0.023375
2 0.666398 0.447548 0.106366 0.022805
2 0.776793 0.447548 0.114424 0.019384
2 0.095488 0.484321 0.089444 0.026226
2 0.575745 0.484321 0.070105 0.025086
2 0.187349 0.484321 0.094279 0.023375
2 0.387994 0.484321 0.307010 0.023375
2 0.890008 0.484321 0.112006 0.023375
2 0.666398 0.484321 0.106366 0.022805
2 0.776793 0.484321 0.114424 0.019384
2 0.095488 0.521094 0.089444 0.026226
2 0.575745 0.521094 0.070105 0.025086
2 0.187349 0.521094 0.094279 0.023375
2 0.387994 0.521094 0.307010 0.023375
2 0.890008 0.521094 0.112006 0.023375
2 0.666398 0.521094 0.106366 0.022805
2 0.776793 0.521094 0.114424 0.019384
2 0.095488 0.557867 0.089444 0.026226
2 0.575745 0.557867 0.070105 0.025086
2 0.187349 0.557867 0.094279 0.023375
2 0.387994 0.557867 0.307010 0.023375
2 0.890008 0.557867 0.112006 0.023375
2 0.666398 0.557867 0.106366 0.022805
2 0.776793 0.557867 0.114424 0.019384
2 0.095488 0.594640 0.089444 0.026226
2 0.575745 0.594640 0.070105 0.025086
2 0.187349 0.594640 0.094279 0.023375
2 0.387994 0.594640 0.307010 0.023375
2 0.890008 0.594640 0.112006 0.023375
2 0.666398 0.594640 0.106366 0.022805
2 0.776793 0.594640 0.114424 0.019384
2 0.095488 0.631413 0.089444 0.026226
2 0.575745 0.631413 0.070105 0.025086
2 0.187349 0.631413 0.094279 0.023375
2 0.387994 0.631413 0.307010 0.023375
2 0.890008 0.631413 0.112006 0.023375
2 0.666398 0.631413 0.106366 0.022805
2 0.776793 0.631413 0.114424 0.019384
2 0.095488 0.668186 0.089444 0.026226
2 0.575745 0.668186 0.070105 0.025086
2 0.187349 0.668186 0.094279 0.023375
2 0.387994 0.668186 0.307010 0.023375
2 0.890008 0.668186 0.112006 0.023375
2 0.666398 0.668186 0.106366 0.022805
2 0.776793 0.668186 0.114424 0.019384
2 0.095488 0.704959 0.089444 0.026226
2 0.575745 0.704959 0.070105 0.025086
2 0.187349 0.704959 0.094279 0.023375
2 0.387994 0.704959 0.307010 0.023375
2 0.890008 0.704959 0.112006 0.023375
2 0.666398 0.704959 0.106366 0.022805
2 0.776793 0.704959 0.114424 0.019384
2 0.095488 0.741732 0.089444 0.026226
2 0.575745 0.741732 0.070105 0.025086
2 0.187349 0.741732 0.094279 0.023375
2 0.387994 0.741732 0.307010 0.023375
2 0.890008 0.741732 0.112006 0.023375
2 0.666398 0.741732 0.106366 0.022805
2 0.776793 0.741732 0.114424 0.019384