1 0.496374 0.614025 0.902498 0.559863
2 0.095890 0.369726 0.095085 0.022235
2 0.186543 0.371722 0.092667 0.023945
2 0.188961 0.393957 0.091056 0.020525
2 0.097099 0.392816 0.095890 0.023945
2 0.388799 0.393957 0.308622 0.023945
2 0.389605 0.370582 0.307010 0.026226
2 0.577357 0.370867 0.071716 0.022235
2 0.576551 0.393957 0.071716 0.020525
2 0.664384 0.369156 0.107172 0.021095
2 0.667204 0.393387 0.107977 0.022805
2 0.778405 0.369726 0.109589 0.019954
2 0.778405 0.393957 0.114424 0.020525
2 0.890008 0.369726 0.112006 0.022235
2 0.891620 0.392816 0.112006 0.023945
0 0.094279 0.346351 0.091861 0.024515
0 0.188155 0.345211 0.095890 0.024515
0 0.387591 0.345211 0.306205 0.022235
0 0.577357 0.345211 0.071716 0.019954
0 0.665995 0.345781 0.110395 0.023375
0 0.776793 0.346921 0.114424 0.029076
0 0.891620 0.348347 0.112006 0.026226

2 0.097099 0.416476 0.095890 0.023945
2 0.891620 0.416476 0.112006 0.023945
2 0.667204 0.417047 0.107977 0.022805
2 0.188961 0.417617 0.091056 0.020525
2 0.388799 0.417617 0.308622 0.023945
2 0.576551 0.417617 0.071716 0.020525
2 0.778405 0.417617 0.114424 0.020525
2 0.097099 0.440136 0.095890 0.023945
2 0.891620 0.440136 0.112006 0.023945
2 0.667204 0.440707 0.107977 0.022805
2 0.188961 0.441277 0.091056 0.020525
2 0.388799 0.441277 0.308622 0.023945
2 0.576551 0.441277 0.071716 0.020525
2 0.778405 0.441277 0.114424 0.020525
2 0.097099 0.463796 0.095890 0.023945
2 0.891620 0.463796 0.112006 0.023945
2 0.667204 0.464367 0.107977 0.022805
2 0.188961 0.464937 0.091056 0.020525
2 0.388799 0.464937 0.308622 0.023945
2 0.576551 0.464937 0.071716 0.020525
2 0.778405 0.464937 0.114424 0.020525
2 0.097099 0.487456 0.095890 0.023945
2 0.891620 0.487456 0.112006 0.023945
2 0.667204 0.488027 0.107977 0.022805
2 0.188961 0.488597 0.091056 0.020525
2 0.388799 0.488597 0.308622 0.023945
2 0.576551 0.488597 0.071716 0.020525
2 0.778405 0.488597 0.114424 0.020525
2 0.097099 0.511116 0.095890 0.023945
2 0.891620 0.511116 0.112006 0.023945
2 0.667204 0.511687 0.107977 0.022805
2 0.188961 0.512257 0.091056 0.020525
2 0.388799 0.512257 0.308622 0.023945
2 0.576551 0.512257 0.071716 0.020525
2 0.778405 0.512257 0.114424 0.020525
2 0.097099 0.534776 0.095890 0.023945
2 0.891620 0.534776 0.112006 0.023945
2 0.667204 0.535347 0.107977 0.022805
2 0.188961 0.535917 0.091056 0.020525
2 0.388799 0.535917 0.308622 0.023945
2 0.576551 0.535917 0.071716 0.020525
2 0.778405 0.535917 0.114424 0.020525
2 0.097099 0.558436 0.095890 0.023945
2 0.891620 0.558436 0.112006 0.023945
2 0.667204 0.559007 0.107977 0.022805
2 0.188961 0.559577 0.091056 0.020525
2 0.388799 0.559577 0.308622 0.023945
2 0.576551 0.559577 0.071716 0.020525
2 0.778405 0.559577 0.114424 0.020525
2 0.097099 0.582096 0.095890 0.023945
2 0.891620 0.582096 0.112006 0.023945
2 0.667204 0.582667 0.107977 0.022805
2 0.188961 0.583237 0.091056 0.020525
2 0.388799 0.583237 0.308622 0.023945
2 0.576551 0.583237 0.071716 0.020525
2 0.778405 0.583237 0.114424 0.020525
2 0.097099 0.605756 0.095890 0.023945
2 0.891620 0.605756 0.112006 0.023945
2 0.667204 0.606327 0.107977 0.022805
2 0.188961 0.606897 0.091056 0.020525
2 0.388799 0.606897 0.308622 0.023945
2 0.576551 0.606897 0.071716 0.020525
2 0.778405 0.606897 0.114424 0.020525
2 0.097099 0.629416 0.095890 0.023945
2 0.891620 0.629416 0.112006 0.023945
2 0.667204 0.629987 0.107977 0.022805
2 0.188961 0.630557 0.091056 0.020525
2 0.388799 0.630557 0.308622 0.023945
2 0.576551 0.630557 0.071716 0.020525
2 0.778405 0.630557 0.114424 0.020525
2 0.097099 0.653076 0.095890 0.023945
2 0.891620 0.653076 0.112006 0.023945
2 0.667204 0.653647 0.107977 0.022805
2 0.188961 0.654217 0.091056 0.020525
2 0.388799 0.654217 0.308622 0.023945
2 0.576551 0.654217 0.071716 0.020525
2 0.778405 0.654217 0.114424 0.020525
2 0.097099 0.676736 0.095890 0.023945
2 0.891620 0.676736 0.112006 0.023945
2 0.667204 0.677307 0.107977 0.022805
2 0.188961 0.677877 0.091056 0.020525
2 0.388799 0.677877 0.308622 0.023945
2 0.576551 0.677877 0.071716 0.020525
2 0.778405 0.677877 0.114424 0.020525
2 0.097099 0.700396 0.095890 0.023945
2 0.891620 0.700396 0.112006 0.023945
2 0.667204 0.700967 0.107977 0.022805
2 0.188961 0.701537 0.091056 0.020525
2 0.388799 0.701537 0.308622 0.023945
2 0.576551 0.701537 0.071716 0.020525
2 0.778405 0.701537 0.114424 0.020525
2 0.097099 0.724056 0.095890 0.023945
2 0.891620 0.724056 0.112006 0.023945
2 0.667204 0.724627 0.107977 0.022805
2 0.188961 0.725197 0.091056 0.020525
2 0.388799 0.725197 0.308622 0.023945
2 0.576551 0.725197 0.071716 0.020525
2 0.778405 0.725197 0.114424 0.020525
2 0.097099 0.747716 0.095890 0.023945
2 0.891620 0.747716 0.112006 0.023945
2 0.667204 0.748287 0.107977 0.022805
2 0.188961 0.748857 0.091056 0.020525
2 0.388799 0.748857 0.308622 0.023945
2 0.576551 0.748857 0.071716 0.020525
2 0.778405 0.748857 0.114424 0.020525
2 0.097099 0.771376 0.095890 0.023945
2 0.891620 0.771376 0.112006 0.023945
2 0.667204 0.771947 0.107977 0.022805
2 0.188961 0.772517 0.091056 0.020525
2 0.388799 0.772517 0.308622 0.023945
2 0.576551 0.772517 0.071716 0.020525
2 0.778405 0.772517 0.114424 0.020525
2 0.097099 0.795036 0.095890 0.023945
2 0.891620 0.795036 0.112006 0.023945
2 0.667204 0.795607 0.107977 0.022805
2 0.188961 0.796177 0.091056 0.020525
2 0.388799 0.796177 0.308622 0.023945
2 0.576551 0.796177 0.071716 0.020525
2 0.778405 0.796177 0.114424 0.020525
2 0.097099 0.818696 0.095890 0.023945
2 0.891620 0.818696 0.112006 0.023945
2 0.667204 0.819267 0.107977 0.022805
2 0.188961 0.819837 0.091056 0.020525
2 0.388799 0.819837 0.308622 0.023945
2 0.576551 0.819837 0.071716 0.020525
2 0.778405 0.819837 0.114424 0.020525
2 0.097099 0.842356 0.095890 0.023945
2 0.891620 0.842356 0.112006 0.023945
2 0.667204 0.842927 0.107977 0.022805
2 0.188961 0.843497 0.091056 0.020525
2 0.388799 0.843497 0.308622 0.023945
2 0.576551 0.843497 0.071716 0.020525
2 0.778405 0.843497 0.114424 0.020525
2 0.097099 0.866016 0.095890 0.023945
2 0.891620 0.866016 0.112006 0.023945
2 0.667204 0.866587 0.107977 0.022805
2 0.188961 0.867157 0.091056 0.020525
2 0.388799 0.867157 0.308622 0.023945
2 0.576551 0.867157 0.071716 0.020525
2 0.778405 0.867157 0.114424 0.020525