0 0.054839 0.245014 0.043548 0.025071
0 0.056048 0.271225 0.049194 0.025071
0 0.118952 0.246724 0.079839 0.026211
0 0.121774 0.273504 0.079032 0.027350
0 0.202016 0.248718 0.089516 0.022222
0 0.204032 0.274074 0.082258 0.028490
0 0.391532 0.248718 0.286290 0.024501
0 0.390726 0.275214 0.291129 0.026211
0 0.572177 0.247578 0.075000 0.024501
0 0.572177 0.274359 0.075000 0.023362
0 0.665726 0.247578 0.115323 0.026781
0 0.664919 0.273504 0.116935 0.022792
0 0.778226 0.247293 0.104839 0.027350
0 0.778226 0.274074 0.112903 0.028490
0 0.897177 0.246724 0.136290 0.026211
0 0.899597 0.275214 0.131452 0.026211
1 0.498387 0.509402 0.927419 0.600570
2 0.058468 0.222222 0.047581 0.026211
2 0.118952 0.220798 0.076613 0.023362
2 0.202016 0.222222 0.086290 0.026211
2 0.389919 0.222792 0.292742 0.031909
2 0.573790 0.222222 0.075000 0.026211
2 0.670161 0.221652 0.114516 0.027350
2 0.781452 0.219943 0.101613 0.028490
2 0.897984 0.219088 0.128226 0.024501
0 0.056048 0.295726 0.049194 0.025071
0 0.121774 0.298005 0.079032 0.027350
0 0.204032 0.298575 0.082258 0.028490
0 0.390726 0.299715 0.291129 0.026211
0 0.572177 0.298860 0.075000 0.023362
0 0.664919 0.298005 0.116935 0.022792
0 0.778226 0.298575 0.112903 0.028490
0 0.899597 0.299715 0.131452 0.026211
0 0.056048 0.320227 0.049194 0.025071
0 0.121774 0.322506 0.079032 0.027350
0 0.204032 0.323076 0.082258 0.028490
0 0.390726 0.324216 0.291129 0.026211
0 0.572177 0.323361 0.075000 0.023362
0 0.664919 0.322506 0.116935 0.022792
0 0.778226 0.323076 0.112903 0.028490
0 0.899597 0.324216 0.131452 0.026211
0 0.056048 0.344728 0.049194 0.025071
0 0.121774 0.347007 0.079032 0.027350
0 0.204032 0.347577 0.082258 0.028490
0 0.390726 0.348717 0.291129 0.026211
0 0.572177 0.347862 0.075000 0.023362
0 0.664919 0.347007 0.116935 0.022792
0 0.778226 0.347577 0.112903 0.028490
0 0.899597 0.348717 0.131452 0.026211
0 0.056048 0.369229 0.049194 0.025071
0 0.121774 0.371508 0.079032 0.027350
0 0.204032 0.372078 0.082258 0.028490
0 0.390726 0.373218 0.291129 0.026211
0 0.572177 0.372363 0.075000 0.023362
0 0.664919 0.371508 0.116935 0.022792
0 0.778226 0.372078 0.112903 0.028490
0 0.899597 0.373218 0.131452 0.026211
0 0.056048 0.393730 0.049194 0.025071
0 0.121774 0.396009 0.079032 0.027350
0 0.204032 0.396579 0.082258 0.028490
0 0.390726 0.397719 0.291129 0.026211
0 0.572177 0.396864 0.075000 0.023362
0 0.664919 0.396009 0.116935 0.022792
0 0.778226 0.396579 0.112903 0.028490
0 0.899597 0.397719 0.131452 0.026211
0 0.056048 0.418231 0.049194 0.025071
0 0.121774 0.420510 0.079032 0.027350
0 0.204032 0.421080 0.082258 0.028490
0 0.390726 0.422220 0.291129 0.026211
0 0.572177 0.421365 0.075000 0.023362
0 0.664919 0.420510 0.116935 0.022792
0 0.778226 0.421080 0.112903 0.028490
0 0.899597 0.422220 0.131452 0.026211
0 0.056048 0.442732 0.049194 0.025071
0 0.121774 0.445011 0.079032 0.027350
0 0.204032 0.445581 0.082258 0.028490
0 0.390726 0.446721 0.291129 0.026211
0 0.572177 0.445866 0.075000 0.023362
0 0.664919 0.445011 0.116935 0.022792
0 0.778226 0.445581 0.112903 0.028490
0 0.899597 0.446721 0.131452 0.026211
0 0.056048 0.467233 0.049194 0.025071
0 0.121774 0.469512 0.079032 0.027350
0 0.204032 0.470082 0.082258 0.028490
0 0.390726 0.471222 0.291129 0.026211
0 0.572177 0.470367 0.075000 0.023362
0 0.664919 0.469512 0.116935 0.022792
0 0.778226 0.470082 0.112903 0.028490
0 0.899597 0.471222 0.131452 0.026211
0 0.056048 0.491734 0.049194 0.025071
0 0.121774 0.494013 0.079032 0.027350
0 0.204032 0.494583 0.082258 0.028490
0 0.390726 0.495723 0.291129 0.026211
0 0.572177 0.494868 0.075000 0.023362
0 0.664919 0.494013 0.116935 0.022792
0 0.778226 0.494583 0.112903 0.028490
0 0.899597 0.495723 0.131452 0.026211
0 0.056048 0.516235 0.049194 0.025071
0 0.121774 0.518514 0.079032 0.027350
0 0.204032 0.519084 0.082258 0.028490
0 0.390726 0.520224 0.291129 0.026211
0 0.572177 0.519369 0.075000 0.023362
0 0.664919 0.518514 0.116935 0.022792
0 0.778226 0.519084 0.112903 0.028490
0 0.899597 0.520224 0.131452 0.026211
0 0.056048 0.540736 0.049194 0.025071
0 0.121774 0.543015 0.079032 0.027350
0 0.204032 0.543585 0.082258 0.028490
0 0.390726 0.544725 0.291129 0.026211
0 0.572177 0.543870 0.075000 0.023362
0 0.664919 0.543015 0.116935 0.022792
0 0.778226 0.543585 0.112903 0.028490
0 0.899597 0.544725 0.131452 0.026211
0 0.056048 0.565237 0.049194 0.025071
0 0.121774 0.567516 0.079032 0.027350
0 0.204032 0.568086 0.082258 0.028490
0 0.390726 0.569226 0.291129 0.026211
0 0.572177 0.568371 0.075000 0.023362
0 0.664919 0.567516 0.116935 0.022792
0 0.778226 0.568086 0.112903 0.028490
0 0.899597 0.569226 0.131452 0.026211
0 0.056048 0.589738 0.049194 0.025071
0 0.121774 0.592017 0.079032 0.027350
0 0.204032 0.592587 0.082258 0.028490
0 0.390726 0.593727 0.291129 0.026211
0 0.572177 0.592872 0.075000 0.023362
0 0.664919 0.592017 0.116935 0.022792
0 0.778226 0.592587 0.112903 0.028490
0 0.899597 0.593727 0.131452 0.026211
0 0.056048 0.614239 0.049194 0.025071
0 0.121774 0.616518 0.079032 0.027350
0 0.204032 0.617088 0.082258 0.028490
0 0.390726 0.618228 0.291129 0.026211
0 0.572177 0.617373 0.075000 0.023362
0 0.664919 0.616518 0.116935 0.022792
0 0.778226 0.617088 0.112903 0.028490
0 0.899597 0.618228 0.131452 0.026211
0 0.056048 0.638740 0.049194 0.025071
0 0.121774 0.641019 0.079032 0.027350
0 0.204032 0.641589 0.082258 0.028490
0 0.390726 0.642729 0.291129 0.026211
0 0.572177 0.641874 0.075000 0.023362
0 0.664919 0.641019 0.116935 0.022792
0 0.778226 0.641589 0.112903 0.028490
0 0.899597 0.642729 0.131452 0.026211
0 0.056048 0.663241 0.049194 0.025071
0 0.121774 0.665520 0.079032 0.027350
0 0.204032 0.666090 0.082258 0.028490
0 0.390726 0.667230 0.291129 0.026211
0 0.572177 0.666375 0.075000 0.023362
0 0.664919 0.665520 0.116935 0.022792
0 0.778226 0.666090 0.112903 0.028490
0 0.899597 0.667230 0.131452 0.026211
0 0.056048 0.687742 0.049194 0.025071
0 0.121774 0.690021 0.079032 0.027350
0 0.204032 0.690591 0.082258 0.028490
0 0.390726 0.691731 0.291129 0.026211
0 0.572177 0.690876 0.075000 0.023362
0 0.664919 0.690021 0.116935 0.022792
0 0.778226 0.690591 0.112903 0.028490
0 0.899597 0.691731 0.131452 0.026211
0 0.056048 0.712243 0.049194 0.025071
0 0.121774 0.714522 0.079032 0.027350
0 0.204032 0.715092 0.082258 0.028490
0 0.390726 0.716232 0.291129 0.026211
0 0.572177 0.715377 0.075000 0.023362
0 0.664919 0.714522 0.116935 0.022792
0 0.778226 0.715092 0.112903 0.028490
0 0.899597 0.716232 0.131452 0.026211
0 0.056048 0.736744 0.049194 0.025071
0 0.121774 0.739023 0.079032 0.027350
0 0.204032 0.739593 0.082258 0.028490
0 0.390726 0.740733 0.291129 0.026211
0 0.572177 0.739878 0.075000 0.023362
0 0.664919 0.739023 0.116935 0.022792
0 0.778226 0.739593 0.112903 0.028490
0 0.899597 0.740733 0.131452 0.026211
0 0.056048 0.761245 0.049194 0.025071
0 0.121774 0.763524 0.079032 0.027350
0 0.204032 0.764094 0.082258 0.028490
0 0.390726 0.765234 0.291129 0.026211
0 0.572177 0.764379 0.075000 0.023362
0 0.664919 0.763524 0.116935 0.022792
0 0.778226 0.764094 0.112903 0.028490
0 0.899597 0.765234 0.131452 0.026211
0 0.056048 0.785746 0.049194 0.025071
0 0.121774 0.788025 0.079032 0.027350
0 0.204032 0.788595 0.082258 0.028490
0 0.390726 0.789735 0.291129 0.026211
0 0.572177 0.788880 0.075000 0.023362
0 0.664919 0.788025 0.116935 0.022792
0 0.778226 0.788595 0.112903 0.028490
0 0.899597 0.789735 0.131452 0.026211