0 0.133618 0.285887 0.094017 0.042742
0 0.207977 0.288306 0.056980 0.044355
0 0.350427 0.287097 0.225641 0.045161
0 0.511396 0.287500 0.095157 0.044355
0 0.605983 0.287500 0.091738 0.045968
0 0.701140 0.285887 0.096296 0.044355
0 0.805698 0.286694 0.115100 0.045968
0 0.909402 0.288306 0.094587 0.044355
1 0.521083 0.372177 0.872365 0.276613
2 0.132194 0.329839 0.094587 0.037097
2 0.132194 0.371774 0.093447 0.040323
2 0.206553 0.370565 0.058689 0.041129
2 0.208262 0.330645 0.055271 0.038710
2 0.350142 0.330242 0.227350 0.037903
2 0.350142 0.370565 0.228490 0.041129
2 0.511396 0.329032 0.094017 0.041935
2 0.511966 0.368145 0.096296 0.039516
2 0.605413 0.329032 0.095157 0.041935
2 0.607692 0.368952 0.095157 0.039516
2 0.700855 0.328629 0.095726 0.041129
2 0.701994 0.369355 0.094587 0.038710
2 0.805413 0.328629 0.113390 0.042742
2 0.805698 0.371371 0.112821 0.039516
2 0.909687 0.329839 0.094017 0.040323
2 0.909117 0.369758 0.091738 0.042742

2 0.511966 0.407661 0.096296 0.039516
2 0.607692 0.408468 0.095157 0.039516
2 0.701994 0.408871 0.094587 0.038710
2 0.909117 0.409274 0.091738 0.042742
2 0.206553 0.410081 0.058689 0.041129
2 0.350142 0.410081 0.228490 0.041129
2 0.805698 0.410887 0.112821 0.039516
2 0.132194 0.411290 0.093447 0.040323
2 0.511966 0.447177 0.096296 0.039516
2 0.607692 0.447984 0.095157 0.039516
2 0.701994 0.448387 0.094587 0.038710
2 0.909117 0.448790 0.091738 0.042742
2 0.206553 0.449597 0.058689 0.041129
2 0.350142 0.449597 0.228490 0.041129
2 0.805698 0.450403 0.112821 0.039516
2 0.132194 0.450806 0.093447 0.040323
2 0.511966 0.486693 0.096296 0.039516
2 0.607692 0.487500 0.095157 0.039516
2 0.701994 0.487903 0.094587 0.038710
2 0.909117 0.488306 0.091738 0.042742
2 0.206553 0.489113 0.058689 0.041129
2 0.350142 0.489113 0.228490 0.041129
2 0.805698 0.489919 0.112821 0.039516
2 0.132194 0.490322 0.093447 0.040323