
0 0.093473 0.248738 0.091861 0.021665
0 0.187349 0.249308 0.092667 0.022805
0 0.387994 0.248168 0.303787 0.022805
0 0.575342 0.247598 0.066076 0.023945
0 0.665189 0.249878 0.103948 0.021665
0 0.775181 0.248738 0.112812 0.021665
0 0.890411 0.249878 0.116035 0.023945


0 0.093473 0.271136 0.091861 0.021665
0 0.187349 0.271706 0.092667 0.022805
0 0.387994 0.270566 0.303787 0.022805
0 0.575342 0.269996 0.066076 0.023945
0 0.665189 0.272276 0.103948 0.021665
0 0.775181 0.271136 0.112812 0.021665
0 0.890411 0.272276 0.116035 0.023945


0 0.093473 0.293534 0.091861 0.021665
0 0.187349 0.294104 0.092667 0.022805
0 0.387994 0.292964 0.303787 0.022805
0 0.575342 0.292394 0.066076 0.023945
0 0.665189 0.294674 0.103948 0.021665
0 0.775181 0.293534 0.112812 0.021665
0 0.890411 0.294674 0.116035 0.023945


0 0.093473 0.315931 0.091861 0.021665
0 0.187349 0.316501 0.092667 0.022805
0 0.387994 0.315361 0.303787 0.022805
0 0.575342 0.314791 0.066076 0.023945
0 0.665189 0.317071 0.103948 0.021665
0 0.775181 0.315931 0.112812 0.021665
0 0.890411 0.317071 0.116035 0.023945


0 0.093473 0.338329 0.091861 0.021665
0 0.187349 0.338899 0.092667 0.022805
0 0.387994 0.337759 0.303787 0.022805
0 0.575342 0.337189 0.066076 0.023945
0 0.665189 0.339469 0.103948 0.021665
0 0.775181 0.338329 0.112812 0.021665
0 0.890411 0.339469 0.116035 0.023945


0 0.093473 0.360727 0.091861 0.021665
0 0.187349 0.361297 0.092667 0.022805
0 0.387994 0.360157 0.303787 0.022805
0 0.575342 0.359587 0.066076 0.023945
0 0.665189 0.361867 0.103948 0.021665
0 0.775181 0.360727 0.112812 0.021665
0 0.890411 0.361867 0.116035 0.023945


0 0.093473 0.383125 0.091861 0.021665
0 0.187349 0.383695 0.092667 0.022805
0 0.387994 0.382555 0.303787 0.022805
0 0.575342 0.381985 0.066076 0.023945
0 0.665189 0.384265 0.103948 0.021665
0 0.775181 0.383125 0.112812 0.021665
0 0.890411 0.384265 0.116035 0.023945


0 0.093473 0.405523 0.091861 0.021665
0 0.187349 0.406093 0.092667 0.022805
0 0.387994 0.404953 0.303787 0.022805
0 0.575342 0.404383 0.066076 0.023945
0 0.665189 0.406663 0.103948 0.021665
0 0.775181 0.405523 0.112812 0.021665
0 0.890411 0.406663 0.116035 0.023945


0 0.093473 0.427921 0.091861 0.021665
0 0.187349 0.428491 0.092667 0.022805
0 0.387994 0.427351 0.303787 0.022805
0 0.575342 0.426781 0.066076 0.023945
0 0.665189 0.429061 0.103948 0.021665
0 0.775181 0.427921 0.112812 0.021665
0 0.890411 0.429061 0.116035 0.023945


0 0.093473 0.450319 0.091861 0.021665
0 0.187349 0.450889 0.092667 0.022805
0 0.387994 0.449749 0.303787 0.022805
0 0.575342 0.449179 0.066076 0.023945
0 0.665189 0.451459 0.103948 0.021665
0 0.775181 0.450319 0.112812 0.021665
0 0.890411 0.451459 0.116035 0.023945


0 0.093473 0.472716 0.091861 0.021665
0 0.187349 0.473286 0.092667 0.022805
0 0.387994 0.472146 0.303787 0.022805
0 0.575342 0.471576 0.066076 0.023945
0 0.665189 0.473856 0.103948 0.021665
0 0.775181 0.472716 0.112812 0.021665
0 0.890411 0.473856 0.116035 0.023945


0 0.093473 0.495114 0.091861 0.021665
0 0.187349 0.495684 0.092667 0.022805
0 0.387994 0.494544 0.303787 0.022805
0 0.575342 0.493974 0.066076 0.023945
0 0.665189 0.496254 0.103948 0.021665
0 0.775181 0.495114 0.112812 0.021665
0 0.890411 0.496254 0.116035 0.023945


0 0.093473 0.517512 0.091861 0.021665
0 0.187349 0.518082 0.092667 0.022805
0 0.387994 0.516942 0.303787 0.022805
0 0.575342 0.516372 0.066076 0.023945
0 0.665189 0.518652 0.103948 0.021665
0 0.775181 0.517512 0.112812 0.021665
0 0.890411 0.518652 0.116035 0.023945


0 0.093473 0.539910 0.091861 0.021665
0 0.187349 0.540480 0.092667 0.022805
0 0.387994 0.539340 0.303787 0.022805
0 0.575342 0.538770 0.066076 0.023945
0 0.665189 0.541050 0.103948 0.021665
0 0.775181 0.539910 0.112812 0.021665
0 0.890411 0.541050 0.116035 0.023945


0 0.093473 0.562308 0.091861 0.021665
0 0.187349 0.562878 0.092667 0.022805
0 0.387994 0.561738 0.303787 0.022805
0 0.575342 0.561168 0.066076 0.023945
0 0.665189 0.563448 0.103948 0.021665
0 0.775181 0.562308 0.112812 0.021665
0 0.890411 0.563448 0.116035 0.023945


0 0.093473 0.584706 0.091861 0.021665
0 0.187349 0.585276 0.092667 0.022805
0 0.387994 0.584136 0.303787 0.022805
0 0.575342 0.583566 0.066076 0.023945
0 0.665189 0.585846 0.103948 0.021665
0 0.775181 0.584706 0.112812 0.021665
0 0.890411 0.585846 0.116035 0.023945


0 0.093473 0.607104 0.091861 0.021665
0 0.187349 0.607674 0.092667 0.022805
0 0.387994 0.606534 0.303787 0.022805
0 0.575342 0.605964 0.066076 0.023945
0 0.665189 0.608244 0.103948 0.021665
0 0.775181 0.607104 0.112812 0.021665
0 0.890411 0.608244 0.116035 0.023945


0 0.093473 0.629501 0.091861 0.021665
0 0.187349 0.630071 0.092667 0.022805
0 0.387994 0.628931 0.303787 0.022805
0 0.575342 0.628361 0.066076 0.023945
0 0.665189 0.630641 0.103948 0.021665
0 0.775181 0.629501 0.112812 0.021665
0 0.890411 0.630641 0.116035 0.023945


0 0.093473 0.651899 0.091861 0.021665
0 0.187349 0.652469 0.092667 0.022805
0 0.387994 0.651329 0.303787 0.022805
0 0.575342 0.650759 0.066076 0.023945
0 0.665189 0.653039 0.103948 0.021665
0 0.775181 0.651899 0.112812 0.021665
0 0.890411 0.653039 0.116035 0.023945


0 0.093473 0.674297 0.091861 0.021665
0 0.187349 0.674867 0.092667 0.022805
0 0.387994 0.673727 0.303787 0.022805
0 0.575342 0.673157 0.066076 0.023945
0 0.665189 0.675437 0.103948 0.021665
0 0.775181 0.674297 0.112812 0.021665
0 0.890411 0.675437 0.116035 0.023945


0 0.093473 0.696695 0.091861 0.021665
0 0.187349 0.697265 0.092667 0.022805
0 0.387994 0.696125 0.303787 0.022805
0 0.575342 0.695555 0.066076 0.023945
0 0.665189 0.697835 0.103948 0.021665
0 0.775181 0.696695 0.112812 0.021665
0 0.890411 0.697835 0.116035 0.023945


0 0.093473 0.719093 0.091861 0.021665
0 0.187349 0.719663 0.092667 0.022805
0 0.387994 0.718523 0.303787 0.022805
0 0.575342 0.717953 0.066076 0.023945
0 0.665189 0.720233 0.103948 0.021665
0 0.775181 0.719093 0.112812 0.021665
0 0.890411 0.720233 0.116035 0.023945


0 0.093473 0.741491 0.091861 0.021665
0 0.187349 0.742061 0.092667 0.022805
0 0.387994 0.740921 0.303787 0.022805
0 0.575342 0.740351 0.066076 0.023945
0 0.665189 0.742631 0.103948 0.021665
0 0.775181 0.741491 0.112812 0.021665
0 0.890411 0.742631 0.116035 0.023945


0 0.093473 0.763889 0.091861 0.021665
0 0.187349 0.764459 0.092667 0.022805
0 0.387994 0.763319 0.303787 0.022805
0 0.575342 0.762749 0.066076 0.023945
0 0.665189 0.765029 0.103948 0.021665
0 0.775181 0.763889 0.112812 0.021665
0 0.890411 0.765029 0.116035 0.023945

1 0.500000 0.480901 0.904915 0.627708

2 0.097502 0.177309 0.096696 0.022805
2 0.189766 0.180730 0.091056 0.019384
2 0.390008 0.180160 0.304593 0.025086
2 0.576148 0.178734 0.067687 0.025656
2 0.667607 0.177309 0.107172 0.020525
2 0.777599 0.179019 0.112812 0.022805
2 0.892828 0.180730 0.111201 0.02394